[gd_scene load_steps=7 format=2]

[ext_resource path="res://Scenes/BattleOfLeuven.gd" type="Script" id=1]
[ext_resource path="res://Objects/Leuven.tscn" type="PackedScene" id=2]
[ext_resource path="res://Objects/Player.tscn" type="PackedScene" id=3]
[ext_resource path="res://Objects/Enemy.tscn" type="PackedScene" id=4]
[ext_resource path="res://Objects/Prisoners.tscn" type="PackedScene" id=5]

[sub_resource type="BoxShape" id=1]
extents = Vector3( 100, 20, 50 )

[node name="BattleOfLeuven" type="Spatial"]
script = ExtResource( 1 )

[node name="Leuven" parent="." instance=ExtResource( 2 )]

[node name="Soldiers" type="Spatial" parent="."]

[node name="Enemies" type="Spatial" parent="."]

[node name="FirstBattalion" type="Spatial" parent="Enemies"]
transform = Transform( 0.959732, 0, -0.280918, 0, 1, 0, 0.280918, 0, 0.959732, -169.044, 1.52588e-05, -80.7252 )

[node name="Enemy" parent="Enemies/FirstBattalion" instance=ExtResource( 4 )]
transform = Transform( 0.913418, 0, 0.407024, 0, 1, 0, -0.407024, 0, 0.913418, 4.65027, 2.28882e-05, -6.90552 )

[node name="Enemy2" parent="Enemies/FirstBattalion" instance=ExtResource( 4 )]
transform = Transform( 0.913418, 0, 0.407024, 0, 1, 0, -0.407024, 0, 0.913418, 10.2023, 2.19345e-05, -9.82951 )

[node name="Enemy3" parent="Enemies/FirstBattalion" instance=ExtResource( 4 )]
transform = Transform( 0.913418, 0, 0.407024, 0, 1, 0, -0.407024, 0, 0.913418, -4.55075, 2.28882e-05, -1.39152 )

[node name="Enemy4" parent="Enemies/FirstBattalion" instance=ExtResource( 4 )]
transform = Transform( 0.913418, 0, 0.407024, 0, 1, 0, -0.407024, 0, 0.913418, 1.00226, 2.19345e-05, -4.31551 )

[node name="Enemy5" parent="Enemies/FirstBattalion" instance=ExtResource( 4 )]
transform = Transform( 0.913418, 0, 0.407024, 0, 1, 0, -0.407024, 0, 0.913418, 7.30624, 2.28882e-05, -5.27351 )

[node name="Enemy6" parent="Enemies/FirstBattalion" instance=ExtResource( 4 )]
transform = Transform( 0.913418, 0, 0.407024, 0, 1, 0, -0.407024, 0, 0.913418, 12.8582, 2.19345e-05, -8.19752 )

[node name="Enemy7" parent="Enemies/FirstBattalion" instance=ExtResource( 4 )]
transform = Transform( 0.913418, 0, 0.407024, 0, 1, 0, -0.407024, 0, 0.913418, -1.89374, 2.28882e-05, 0.241486 )

[node name="Enemy8" parent="Enemies/FirstBattalion" instance=ExtResource( 4 )]
transform = Transform( 0.913418, 0, 0.407024, 0, 1, 0, -0.407024, 0, 0.913418, 3.65826, 2.19345e-05, -2.68352 )

[node name="FirstBattalion2" type="Spatial" parent="Enemies"]
transform = Transform( 0.999219, 0, 0.039504, 0, 1, 0, -0.039504, 0, 0.999219, -76.2301, 1.52588e-05, -11.1426 )

[node name="Enemy" parent="Enemies/FirstBattalion2" instance=ExtResource( 4 )]
transform = Transform( 0.913418, 0, 0.407024, 0, 1, 0, -0.407024, 0, 0.913418, 4.65027, 2.28882e-05, -6.90552 )

[node name="Enemy2" parent="Enemies/FirstBattalion2" instance=ExtResource( 4 )]
transform = Transform( 0.913418, 0, 0.407024, 0, 1, 0, -0.407024, 0, 0.913418, 10.2023, 2.19345e-05, -9.82951 )

[node name="Enemy3" parent="Enemies/FirstBattalion2" instance=ExtResource( 4 )]
transform = Transform( 0.913418, 0, 0.407024, 0, 1, 0, -0.407024, 0, 0.913418, -4.55075, 2.28882e-05, -1.39152 )

[node name="Enemy4" parent="Enemies/FirstBattalion2" instance=ExtResource( 4 )]
transform = Transform( 0.913418, 0, 0.407024, 0, 1, 0, -0.407024, 0, 0.913418, 1.00226, 2.19345e-05, -4.31551 )

[node name="Enemy5" parent="Enemies/FirstBattalion2" instance=ExtResource( 4 )]
transform = Transform( 0.913418, 0, 0.407024, 0, 1, 0, -0.407024, 0, 0.913418, 7.30624, 2.28882e-05, -5.27351 )

[node name="Enemy6" parent="Enemies/FirstBattalion2" instance=ExtResource( 4 )]
transform = Transform( 0.913418, 0, 0.407024, 0, 1, 0, -0.407024, 0, 0.913418, 12.8582, 2.19345e-05, -8.19752 )

[node name="Enemy7" parent="Enemies/FirstBattalion2" instance=ExtResource( 4 )]
transform = Transform( 0.913418, 0, 0.407024, 0, 1, 0, -0.407024, 0, 0.913418, -1.89374, 2.28882e-05, 0.241486 )

[node name="Enemy8" parent="Enemies/FirstBattalion2" instance=ExtResource( 4 )]
transform = Transform( 0.913418, 0, 0.407024, 0, 1, 0, -0.407024, 0, 0.913418, 3.65826, 2.19345e-05, -2.68352 )

[node name="FirstBattalion3" type="Spatial" parent="Enemies"]
transform = Transform( 0.999219, 0, 0.039504, 0, 1, 0, -0.039504, 0, 0.999219, 100.969, 1.52588e-05, 286.361 )

[node name="Enemy" parent="Enemies/FirstBattalion3" instance=ExtResource( 4 )]
transform = Transform( 0.913418, 0, 0.407024, 0, 1, 0, -0.407024, 0, 0.913418, 4.65027, 2.28882e-05, -6.90552 )

[node name="Enemy2" parent="Enemies/FirstBattalion3" instance=ExtResource( 4 )]
transform = Transform( 0.913418, 0, 0.407024, 0, 1, 0, -0.407024, 0, 0.913418, 10.2023, 2.19345e-05, -9.82951 )

[node name="Enemy3" parent="Enemies/FirstBattalion3" instance=ExtResource( 4 )]
transform = Transform( 0.913418, 0, 0.407024, 0, 1, 0, -0.407024, 0, 0.913418, -4.55075, 2.28882e-05, -1.39152 )

[node name="Enemy4" parent="Enemies/FirstBattalion3" instance=ExtResource( 4 )]
transform = Transform( 0.913418, 0, 0.407024, 0, 1, 0, -0.407024, 0, 0.913418, 1.00226, 2.19345e-05, -4.31551 )

[node name="Enemy5" parent="Enemies/FirstBattalion3" instance=ExtResource( 4 )]
transform = Transform( 0.913418, 0, 0.407024, 0, 1, 0, -0.407024, 0, 0.913418, 7.30624, 2.28882e-05, -5.27351 )

[node name="Enemy6" parent="Enemies/FirstBattalion3" instance=ExtResource( 4 )]
transform = Transform( 0.913418, 0, 0.407024, 0, 1, 0, -0.407024, 0, 0.913418, 12.8582, 2.19345e-05, -8.19752 )

[node name="Enemy7" parent="Enemies/FirstBattalion3" instance=ExtResource( 4 )]
transform = Transform( 0.913418, 0, 0.407024, 0, 1, 0, -0.407024, 0, 0.913418, -1.89374, 2.28882e-05, 0.241486 )

[node name="Enemy8" parent="Enemies/FirstBattalion3" instance=ExtResource( 4 )]
transform = Transform( 0.913418, 0, 0.407024, 0, 1, 0, -0.407024, 0, 0.913418, 3.65826, 2.19345e-05, -2.68352 )

[node name="FirstBattalion4" type="Spatial" parent="Enemies"]
transform = Transform( 0.175762, 0, 0.984433, 0, 1, 0, -0.984433, 0, 0.175762, 140.702, 1.52588e-05, 224.411 )

[node name="Enemy" parent="Enemies/FirstBattalion4" instance=ExtResource( 4 )]
transform = Transform( 0.913418, 0, 0.407024, 0, 1, 0, -0.407024, 0, 0.913418, 4.65027, 2.28882e-05, -6.90552 )

[node name="Enemy2" parent="Enemies/FirstBattalion4" instance=ExtResource( 4 )]
transform = Transform( 0.913418, 0, 0.407024, 0, 1, 0, -0.407024, 0, 0.913418, 10.2023, 2.19345e-05, -9.82951 )

[node name="Enemy3" parent="Enemies/FirstBattalion4" instance=ExtResource( 4 )]
transform = Transform( 0.913418, 0, 0.407024, 0, 1, 0, -0.407024, 0, 0.913418, -4.55075, 2.28882e-05, -1.39152 )

[node name="Enemy4" parent="Enemies/FirstBattalion4" instance=ExtResource( 4 )]
transform = Transform( 0.913418, 0, 0.407024, 0, 1, 0, -0.407024, 0, 0.913418, 1.00226, 2.19345e-05, -4.31551 )

[node name="Enemy5" parent="Enemies/FirstBattalion4" instance=ExtResource( 4 )]
transform = Transform( 0.913418, 0, 0.407024, 0, 1, 0, -0.407024, 0, 0.913418, 7.30624, 2.28882e-05, -5.27351 )

[node name="Enemy6" parent="Enemies/FirstBattalion4" instance=ExtResource( 4 )]
transform = Transform( 0.913418, 0, 0.407024, 0, 1, 0, -0.407024, 0, 0.913418, 12.8582, 2.19345e-05, -8.19752 )

[node name="Enemy7" parent="Enemies/FirstBattalion4" instance=ExtResource( 4 )]
transform = Transform( 0.913418, 0, 0.407024, 0, 1, 0, -0.407024, 0, 0.913418, -1.89374, 2.28882e-05, 0.241486 )

[node name="Enemy8" parent="Enemies/FirstBattalion4" instance=ExtResource( 4 )]
transform = Transform( 0.913418, 0, 0.407024, 0, 1, 0, -0.407024, 0, 0.913418, 3.65826, 2.19345e-05, -2.68352 )

[node name="FirstBattalion5" type="Spatial" parent="Enemies"]
transform = Transform( -0.340511, 0, -0.940241, 0, 1, 0, 0.940241, 0, -0.340511, 13.2949, 3.05176e-05, 241.624 )

[node name="Enemy" parent="Enemies/FirstBattalion5" instance=ExtResource( 4 )]
transform = Transform( 0.913418, 0, 0.407024, 0, 1, 0, -0.407024, 0, 0.913418, 4.65027, 2.28882e-05, -6.90552 )

[node name="Enemy2" parent="Enemies/FirstBattalion5" instance=ExtResource( 4 )]
transform = Transform( 0.913418, 0, 0.407024, 0, 1, 0, -0.407024, 0, 0.913418, 10.2023, 2.19345e-05, -9.82951 )

[node name="Enemy3" parent="Enemies/FirstBattalion5" instance=ExtResource( 4 )]
transform = Transform( 0.913418, 0, 0.407024, 0, 1, 0, -0.407024, 0, 0.913418, -4.55075, 2.28882e-05, -1.39152 )

[node name="Enemy4" parent="Enemies/FirstBattalion5" instance=ExtResource( 4 )]
transform = Transform( 0.913418, 0, 0.407024, 0, 1, 0, -0.407024, 0, 0.913418, 1.00226, 2.19345e-05, -4.31551 )

[node name="Enemy5" parent="Enemies/FirstBattalion5" instance=ExtResource( 4 )]
transform = Transform( 0.913418, 0, 0.407024, 0, 1, 0, -0.407024, 0, 0.913418, 7.30624, 2.28882e-05, -5.27351 )

[node name="Enemy6" parent="Enemies/FirstBattalion5" instance=ExtResource( 4 )]
transform = Transform( 0.913418, 0, 0.407024, 0, 1, 0, -0.407024, 0, 0.913418, 12.8582, 2.19345e-05, -8.19752 )

[node name="Enemy7" parent="Enemies/FirstBattalion5" instance=ExtResource( 4 )]
transform = Transform( 0.913418, 0, 0.407024, 0, 1, 0, -0.407024, 0, 0.913418, -1.89374, 2.28882e-05, 0.241486 )

[node name="Enemy8" parent="Enemies/FirstBattalion5" instance=ExtResource( 4 )]
transform = Transform( 0.913418, 0, 0.407024, 0, 1, 0, -0.407024, 0, 0.913418, 3.65826, 2.19345e-05, -2.68352 )

[node name="FirstBattalion6" type="Spatial" parent="Enemies"]
transform = Transform( 0.845308, 0, -0.534279, 0, 1, 0, 0.534279, 0, 0.845308, 55.6688, 3.05176e-05, 301.798 )

[node name="Enemy" parent="Enemies/FirstBattalion6" instance=ExtResource( 4 )]
transform = Transform( 0.913418, 0, 0.407024, 0, 1, 0, -0.407024, 0, 0.913418, 4.65027, 2.28882e-05, -6.90552 )

[node name="Enemy2" parent="Enemies/FirstBattalion6" instance=ExtResource( 4 )]
transform = Transform( 0.913418, 0, 0.407024, 0, 1, 0, -0.407024, 0, 0.913418, 10.2023, 2.19345e-05, -9.82951 )

[node name="Enemy3" parent="Enemies/FirstBattalion6" instance=ExtResource( 4 )]
transform = Transform( 0.913418, 0, 0.407024, 0, 1, 0, -0.407024, 0, 0.913418, -4.55075, 2.28882e-05, -1.39152 )

[node name="Enemy4" parent="Enemies/FirstBattalion6" instance=ExtResource( 4 )]
transform = Transform( 0.913418, 0, 0.407024, 0, 1, 0, -0.407024, 0, 0.913418, 1.00226, 2.19345e-05, -4.31551 )

[node name="Enemy5" parent="Enemies/FirstBattalion6" instance=ExtResource( 4 )]
transform = Transform( 0.913418, 0, 0.407024, 0, 1, 0, -0.407024, 0, 0.913418, 7.30624, 2.28882e-05, -5.27351 )

[node name="Enemy6" parent="Enemies/FirstBattalion6" instance=ExtResource( 4 )]
transform = Transform( 0.913418, 0, 0.407024, 0, 1, 0, -0.407024, 0, 0.913418, 12.8582, 2.19345e-05, -8.19752 )

[node name="Enemy7" parent="Enemies/FirstBattalion6" instance=ExtResource( 4 )]
transform = Transform( 0.913418, 0, 0.407024, 0, 1, 0, -0.407024, 0, 0.913418, -1.89374, 2.28882e-05, 0.241486 )

[node name="Enemy8" parent="Enemies/FirstBattalion6" instance=ExtResource( 4 )]
transform = Transform( 0.913418, 0, 0.407024, 0, 1, 0, -0.407024, 0, 0.913418, 3.65826, 2.19345e-05, -2.68352 )

[node name="FirstBattalion7" type="Spatial" parent="Enemies"]
transform = Transform( 0.0635568, 0, -0.997978, 0, 1, 0, 0.997978, 0, 0.0635568, -103.484, 3.05176e-05, 106.235 )

[node name="Enemy" parent="Enemies/FirstBattalion7" instance=ExtResource( 4 )]
transform = Transform( 0.913418, 0, 0.407024, 0, 1, 0, -0.407024, 0, 0.913418, 4.65027, 2.28882e-05, -6.90552 )

[node name="Enemy2" parent="Enemies/FirstBattalion7" instance=ExtResource( 4 )]
transform = Transform( 0.913418, 0, 0.407024, 0, 1, 0, -0.407024, 0, 0.913418, 10.2023, 2.19345e-05, -9.82951 )

[node name="Enemy3" parent="Enemies/FirstBattalion7" instance=ExtResource( 4 )]
transform = Transform( 0.913418, 0, 0.407024, 0, 1, 0, -0.407024, 0, 0.913418, -4.55075, 2.28882e-05, -1.39152 )

[node name="Enemy4" parent="Enemies/FirstBattalion7" instance=ExtResource( 4 )]
transform = Transform( 0.913418, 0, 0.407024, 0, 1, 0, -0.407024, 0, 0.913418, 1.00226, 2.19345e-05, -4.31551 )

[node name="Enemy5" parent="Enemies/FirstBattalion7" instance=ExtResource( 4 )]
transform = Transform( 0.913418, 0, 0.407024, 0, 1, 0, -0.407024, 0, 0.913418, 7.30624, 2.28882e-05, -5.27351 )

[node name="Enemy6" parent="Enemies/FirstBattalion7" instance=ExtResource( 4 )]
transform = Transform( 0.913418, 0, 0.407024, 0, 1, 0, -0.407024, 0, 0.913418, 12.8582, 2.19345e-05, -8.19752 )

[node name="Enemy7" parent="Enemies/FirstBattalion7" instance=ExtResource( 4 )]
transform = Transform( 0.913418, 0, 0.407024, 0, 1, 0, -0.407024, 0, 0.913418, -1.89374, 2.28882e-05, 0.241486 )

[node name="Enemy8" parent="Enemies/FirstBattalion7" instance=ExtResource( 4 )]
transform = Transform( 0.913418, 0, 0.407024, 0, 1, 0, -0.407024, 0, 0.913418, 3.65826, 2.19345e-05, -2.68352 )

[node name="FirstBattalion8" type="Spatial" parent="Enemies"]
transform = Transform( -0.628805, 0, 0.777563, 0, 1, 0, -0.777563, 0, -0.628805, 37.8868, 3.05176e-05, 2.46247 )

[node name="Enemy" parent="Enemies/FirstBattalion8" instance=ExtResource( 4 )]
transform = Transform( 0.995566, 0, -0.0940734, 0, 1, 0, 0.0940734, 0, 0.995566, 5.62327, 2.28882e-05, -6.3894 )

[node name="Enemy2" parent="Enemies/FirstBattalion8" instance=ExtResource( 4 )]
transform = Transform( 0.995566, 0, -0.0940734, 0, 1, 0, 0.0940734, 0, 0.995566, 11.8956, 2.19345e-05, -6.20955 )

[node name="Enemy3" parent="Enemies/FirstBattalion8" instance=ExtResource( 4 )]
transform = Transform( 0.995566, 0, -0.0940734, 0, 1, 0, 0.0940734, 0, 0.995566, -5.09971, 2.28882e-05, -6.10533 )

[node name="Enemy4" parent="Enemies/FirstBattalion8" instance=ExtResource( 4 )]
transform = Transform( 0.995566, 0, -0.0940734, 0, 1, 0, 0.0940734, 0, 0.995566, 1.17349, 2.19345e-05, -5.92501 )

[node name="Enemy5" parent="Enemies/FirstBattalion8" instance=ExtResource( 4 )]
transform = Transform( 0.995566, 0, -0.0940734, 0, 1, 0, 0.0940734, 0, 0.995566, 7.13526, 2.28882e-05, -3.66332 )

[node name="Enemy6" parent="Enemies/FirstBattalion8" instance=ExtResource( 4 )]
transform = Transform( 0.995566, 0, -0.0940734, 0, 1, 0, 0.0940734, 0, 0.995566, 13.4076, 2.19345e-05, -3.48353 )

[node name="Enemy7" parent="Enemies/FirstBattalion8" instance=ExtResource( 4 )]
transform = Transform( 0.995566, 0, -0.0940734, 0, 1, 0, 0.0940734, 0, 0.995566, -3.5873, 2.28882e-05, -3.37788 )

[node name="Enemy8" parent="Enemies/FirstBattalion8" instance=ExtResource( 4 )]
transform = Transform( 0.995566, 0, -0.0940734, 0, 1, 0, 0.0940734, 0, 0.995566, 2.68552, 2.19345e-05, -3.19894 )

[node name="FirstBattalion9" type="Spatial" parent="Enemies"]
transform = Transform( -0.997046, 0, 0.0768061, 0, 1, 0, -0.0768061, 0, -0.997046, 122.773, 3.05176e-05, -1.51177 )

[node name="Enemy" parent="Enemies/FirstBattalion9" instance=ExtResource( 4 )]
transform = Transform( 0.913418, 0, 0.407024, 0, 1, 0, -0.407024, 0, 0.913418, 4.65027, 2.28882e-05, -6.90552 )

[node name="Enemy2" parent="Enemies/FirstBattalion9" instance=ExtResource( 4 )]
transform = Transform( 0.913418, 0, 0.407024, 0, 1, 0, -0.407024, 0, 0.913418, 10.2023, 2.19345e-05, -9.82951 )

[node name="Enemy3" parent="Enemies/FirstBattalion9" instance=ExtResource( 4 )]
transform = Transform( 0.913418, 0, 0.407024, 0, 1, 0, -0.407024, 0, 0.913418, -4.55075, 2.28882e-05, -1.39152 )

[node name="Enemy4" parent="Enemies/FirstBattalion9" instance=ExtResource( 4 )]
transform = Transform( 0.913418, 0, 0.407024, 0, 1, 0, -0.407024, 0, 0.913418, 1.00226, 2.19345e-05, -4.31551 )

[node name="Enemy5" parent="Enemies/FirstBattalion9" instance=ExtResource( 4 )]
transform = Transform( 0.913418, 0, 0.407024, 0, 1, 0, -0.407024, 0, 0.913418, 7.30624, 2.28882e-05, -5.27351 )

[node name="Enemy6" parent="Enemies/FirstBattalion9" instance=ExtResource( 4 )]
transform = Transform( 0.913418, 0, 0.407024, 0, 1, 0, -0.407024, 0, 0.913418, 12.8582, 2.19345e-05, -8.19752 )

[node name="Enemy7" parent="Enemies/FirstBattalion9" instance=ExtResource( 4 )]
transform = Transform( 0.913418, 0, 0.407024, 0, 1, 0, -0.407024, 0, 0.913418, -1.89374, 2.28882e-05, 0.241486 )

[node name="Enemy8" parent="Enemies/FirstBattalion9" instance=ExtResource( 4 )]
transform = Transform( 0.913418, 0, 0.407024, 0, 1, 0, -0.407024, 0, 0.913418, 3.65826, 2.19345e-05, -2.68352 )

[node name="FirstBattalion12" type="Spatial" parent="Enemies"]
transform = Transform( 0.111486, 0, 0.993766, 0, 1, 0, -0.993766, 0, 0.111486, 109.636, 3.05176e-05, -17.6366 )

[node name="Enemy" parent="Enemies/FirstBattalion12" instance=ExtResource( 4 )]
transform = Transform( 0.913418, 0, 0.407024, 0, 1, 0, -0.407024, 0, 0.913418, 4.65027, 2.28882e-05, -6.90552 )

[node name="Enemy2" parent="Enemies/FirstBattalion12" instance=ExtResource( 4 )]
transform = Transform( 0.913418, 0, 0.407024, 0, 1, 0, -0.407024, 0, 0.913418, 10.2023, 2.19345e-05, -9.82951 )

[node name="Enemy3" parent="Enemies/FirstBattalion12" instance=ExtResource( 4 )]
transform = Transform( 0.913418, 0, 0.407024, 0, 1, 0, -0.407024, 0, 0.913418, -4.55075, 2.28882e-05, -1.39152 )

[node name="Enemy4" parent="Enemies/FirstBattalion12" instance=ExtResource( 4 )]
transform = Transform( 0.913418, 0, 0.407024, 0, 1, 0, -0.407024, 0, 0.913418, 1.00226, 2.19345e-05, -4.31551 )

[node name="Enemy5" parent="Enemies/FirstBattalion12" instance=ExtResource( 4 )]
transform = Transform( 0.913418, 0, 0.407024, 0, 1, 0, -0.407024, 0, 0.913418, 7.30624, 2.28882e-05, -5.27351 )

[node name="Enemy6" parent="Enemies/FirstBattalion12" instance=ExtResource( 4 )]
transform = Transform( 0.913418, 0, 0.407024, 0, 1, 0, -0.407024, 0, 0.913418, 12.8582, 2.19345e-05, -8.19752 )

[node name="Enemy7" parent="Enemies/FirstBattalion12" instance=ExtResource( 4 )]
transform = Transform( 0.913418, 0, 0.407024, 0, 1, 0, -0.407024, 0, 0.913418, -1.89374, 2.28882e-05, 0.241486 )

[node name="Enemy8" parent="Enemies/FirstBattalion12" instance=ExtResource( 4 )]
transform = Transform( 0.913418, 0, 0.407024, 0, 1, 0, -0.407024, 0, 0.913418, 3.65826, 2.19345e-05, -2.68352 )

[node name="FirstBattalion10" type="Spatial" parent="Enemies"]
transform = Transform( 0.566794, 0, 0.823859, 0, 1, 0, -0.823859, 0, 0.566794, 175.855, 3.05176e-05, 66.4373 )

[node name="Enemy" parent="Enemies/FirstBattalion10" instance=ExtResource( 4 )]
transform = Transform( 0.995566, 0, -0.0940734, 0, 1, 0, 0.0940734, 0, 0.995566, 5.62327, 2.28882e-05, -6.3894 )

[node name="Enemy2" parent="Enemies/FirstBattalion10" instance=ExtResource( 4 )]
transform = Transform( 0.995566, 0, -0.0940734, 0, 1, 0, 0.0940734, 0, 0.995566, 11.8956, 2.19345e-05, -6.20955 )

[node name="Enemy3" parent="Enemies/FirstBattalion10" instance=ExtResource( 4 )]
transform = Transform( 0.995566, 0, -0.0940734, 0, 1, 0, 0.0940734, 0, 0.995566, -5.09971, 2.28882e-05, -6.10533 )

[node name="Enemy4" parent="Enemies/FirstBattalion10" instance=ExtResource( 4 )]
transform = Transform( 0.995566, 0, -0.0940734, 0, 1, 0, 0.0940734, 0, 0.995566, 1.17349, 2.19345e-05, -5.92501 )

[node name="Enemy5" parent="Enemies/FirstBattalion10" instance=ExtResource( 4 )]
transform = Transform( 0.995566, 0, -0.0940734, 0, 1, 0, 0.0940734, 0, 0.995566, 7.13526, 2.28882e-05, -3.66332 )

[node name="Enemy6" parent="Enemies/FirstBattalion10" instance=ExtResource( 4 )]
transform = Transform( 0.995566, 0, -0.0940734, 0, 1, 0, 0.0940734, 0, 0.995566, 13.4076, 2.19345e-05, -3.48353 )

[node name="Enemy7" parent="Enemies/FirstBattalion10" instance=ExtResource( 4 )]
transform = Transform( 0.995566, 0, -0.0940734, 0, 1, 0, 0.0940734, 0, 0.995566, -3.5873, 2.28882e-05, -3.37788 )

[node name="Enemy8" parent="Enemies/FirstBattalion10" instance=ExtResource( 4 )]
transform = Transform( 0.995566, 0, -0.0940734, 0, 1, 0, 0.0940734, 0, 0.995566, 2.68552, 2.19345e-05, -3.19894 )

[node name="FirstBattalion11" type="Spatial" parent="Enemies"]
transform = Transform( 0.603723, 0, 0.797194, 0, 1, 0, -0.797194, 0, 0.603723, 143.834, 4.57764e-05, 131.017 )

[node name="Enemy" parent="Enemies/FirstBattalion11" instance=ExtResource( 4 )]
transform = Transform( 0.995566, 0, -0.0940734, 0, 1, 0, 0.0940734, 0, 0.995566, 5.62327, 2.28882e-05, -6.3894 )

[node name="Enemy2" parent="Enemies/FirstBattalion11" instance=ExtResource( 4 )]
transform = Transform( 0.995566, 0, -0.0940734, 0, 1, 0, 0.0940734, 0, 0.995566, 11.8956, 2.19345e-05, -6.20955 )

[node name="Enemy3" parent="Enemies/FirstBattalion11" instance=ExtResource( 4 )]
transform = Transform( 0.995566, 0, -0.0940734, 0, 1, 0, 0.0940734, 0, 0.995566, -5.09971, 2.28882e-05, -6.10533 )

[node name="Enemy4" parent="Enemies/FirstBattalion11" instance=ExtResource( 4 )]
transform = Transform( 0.995566, 0, -0.0940734, 0, 1, 0, 0.0940734, 0, 0.995566, 1.17349, 2.19345e-05, -5.92501 )

[node name="Enemy5" parent="Enemies/FirstBattalion11" instance=ExtResource( 4 )]
transform = Transform( 0.995566, 0, -0.0940734, 0, 1, 0, 0.0940734, 0, 0.995566, 7.13526, 2.28882e-05, -3.66332 )

[node name="Enemy6" parent="Enemies/FirstBattalion11" instance=ExtResource( 4 )]
transform = Transform( 0.995566, 0, -0.0940734, 0, 1, 0, 0.0940734, 0, 0.995566, 13.4076, 2.19345e-05, -3.48353 )

[node name="Enemy7" parent="Enemies/FirstBattalion11" instance=ExtResource( 4 )]
transform = Transform( 0.995566, 0, -0.0940734, 0, 1, 0, 0.0940734, 0, 0.995566, -3.5873, 2.28882e-05, -3.37788 )

[node name="Enemy8" parent="Enemies/FirstBattalion11" instance=ExtResource( 4 )]
transform = Transform( 0.995566, 0, -0.0940734, 0, 1, 0, 0.0940734, 0, 0.995566, 2.68552, 2.19345e-05, -3.19894 )

[node name="Player" parent="." instance=ExtResource( 3 )]
transform = Transform( -0.75943, 0, -0.650589, 0, 1, 0, 0.650589, 0, -0.75943, -313.697, -3.8147e-06, -207.115 )
soldiers_path = NodePath("../Soldiers")

[node name="Prisoners" parent="." instance=ExtResource( 5 )]
transform = Transform( 1, 0, 0, 0, 1, 0, 0, 0, 1, -236.282, 0.0716691, -197.965 )
soldiers_path = NodePath("../Soldiers")
player_path = NodePath("../Player")
navigation_path = NodePath("../Leuven")

[node name="Prisoners2" parent="." instance=ExtResource( 5 )]
transform = Transform( 1, 0, 0, 0, 1, 0, 0, 0, 1, -167.008, 0, -56.465 )
soldiers_path = NodePath("../Soldiers")
player_path = NodePath("../Player")
navigation_path = NodePath("../Leuven")

[node name="Prisoners3" parent="." instance=ExtResource( 5 )]
transform = Transform( 1, 0, 0, 0, 1, 0, 0, 0, 1, -57.551, 0, 146.969 )
soldiers_path = NodePath("../Soldiers")
player_path = NodePath("../Player")
navigation_path = NodePath("../Leuven")

[node name="Prisoners4" parent="." instance=ExtResource( 5 )]
transform = Transform( 1, 0, 0, 0, 1, 0, 0, 0, 1, 90.24, 0, 10.59 )
soldiers_path = NodePath("../Soldiers")
player_path = NodePath("../Player")
navigation_path = NodePath("../Leuven")

[node name="Prisoners5" parent="." instance=ExtResource( 5 )]
transform = Transform( 1, 0, 0, 0, 1, 0, 0, 0, 1, -53.515, 0, 280.24 )
soldiers_path = NodePath("../Soldiers")
player_path = NodePath("../Player")
navigation_path = NodePath("../Leuven")

[node name="Prisoners6" parent="." instance=ExtResource( 5 )]
transform = Transform( 0.362687, -0.0893984, 0.927613, 0.032554, 0.995996, 0.0832605, -0.931342, 0, 0.364145, 209.813, 1.16463, 128.513 )
soldiers_path = NodePath("../Soldiers")
player_path = NodePath("../Player")
navigation_path = NodePath("../Leuven")

[node name="Prisoners7" parent="." instance=ExtResource( 5 )]
transform = Transform( 0.360856, -0.134107, 0.922929, 0.0488346, 0.990966, 0.1249, -0.931342, 0, 0.364145, 170.384, 0.519233, 130.322 )
soldiers_path = NodePath("../Soldiers")
player_path = NodePath("../Player")
navigation_path = NodePath("../Leuven")

[node name="Prisoners8" parent="." instance=ExtResource( 5 )]
transform = Transform( 0.361086, -0.129349, 0.923518, 0.047102, 0.991599, 0.120469, -0.931342, 0, 0.364145, 181.428, 1.01419, 159.295 )
soldiers_path = NodePath("../Soldiers")
player_path = NodePath("../Player")
navigation_path = NodePath("../Leuven")

[node name="FinishGame" type="Area" parent="."]
transform = Transform( -0.0533469, 0, -0.998576, 0, 1, 0, 0.998576, 0, -0.0533469, 391.367, 3.05176e-05, 298.289 )

[node name="CollisionShape" type="CollisionShape" parent="FinishGame"]
transform = Transform( 1, 0, 0, 0, 1, 0, 0, 0, 1, -1.9213, 17.1288, -35.9648 )
shape = SubResource( 1 )

[node name="wonTimer" type="Timer" parent="FinishGame"]
wait_time = 4.0

[node name="countEnemies" type="Timer" parent="."]
autostart = true

[connection signal="body_entered" from="FinishGame" to="." method="_on_FinishGame_body_entered"]
[connection signal="timeout" from="FinishGame/wonTimer" to="." method="_on_wonTimer_timeout"]
[connection signal="timeout" from="countEnemies" to="." method="_on_Timer_timeout"]
