[gd_scene load_steps=5 format=2]

[ext_resource path="res://Objects/CityTerrain.tscn" type="PackedScene" id=1]
[ext_resource path="res://Objects/Player.tscn" type="PackedScene" id=2]
[ext_resource path="res://Objects/Soldier.tscn" type="PackedScene" id=3]
[ext_resource path="res://Objects/Enemy.tscn" type="PackedScene" id=4]

[node name="Game" type="Spatial"]

[node name="City" parent="." instance=ExtResource( 1 )]

[node name="DirectionalLight" parent="City" index="1"]
light_color = Color( 0.960784, 0.870588, 0.568627, 1 )

[node name="Player" parent="." instance=ExtResource( 2 )]
transform = Transform( 0.294991, 0, 0.9555, 0, 1, 0, -0.9555, 0, 0.294991, 9.90062, 0, 7.39691 )

[node name="Soldier" parent="." instance=ExtResource( 3 )]
transform = Transform( 1, 0, 0, 0, 1, 0, 0, 0, 1, -9.30532, 0, 9.72574 )
navigation_node = NodePath("../City/Navigation")
target_node = NodePath("../Player/Positions/Position3D")

[node name="Enemy" parent="." instance=ExtResource( 4 )]
transform = Transform( 1, 0, 0, 0, 1, 0, 0, 0, 1, -9.53255, 0, 32.6183 )

[node name="Enemy2" parent="." instance=ExtResource( 4 )]
transform = Transform( -0.995886, 0, -0.0906152, 0, 1, 0, 0.0906152, 0, -0.995886, -12.1833, 0, -13.1758 )

[node name="Enemy3" parent="." instance=ExtResource( 4 )]
transform = Transform( -0.995886, 0, -0.0906152, 0, 1, 0, 0.0906152, 0, -0.995886, 16.6031, 0, -22.2117 )

[editable path="City"]
[editable path="Player"]
