[gd_scene load_steps=25 format=2]

[ext_resource path="res://Art/Models/BurnedTent.obj" type="ArrayMesh" id=1]
[ext_resource path="res://Art/Models/Tower.fbx" type="PackedScene" id=2]
[ext_resource path="res://Art/Models/Tent.obj" type="ArrayMesh" id=3]
[ext_resource path="res://materials/Wood.tres" type="Material" id=4]
[ext_resource path="res://materials/metal.tres" type="Material" id=5]
[ext_resource path="res://Art/Models/musket.obj" type="ArrayMesh" id=6]
[ext_resource path="res://Art/Models/sword.obj" type="ArrayMesh" id=7]
[ext_resource path="res://materials/Grass.tres" type="Material" id=8]
[ext_resource path="res://materials/BelgianFlag.tres" type="Material" id=9]
[ext_resource path="res://Objects/Enemy.tscn" type="PackedScene" id=10]
[ext_resource path="res://Art/Models/MedHouse.tscn" type="PackedScene" id=11]
[ext_resource path="res://Art/Models/BigHouse.tscn" type="PackedScene" id=12]
[ext_resource path="res://Objects/Tent.tscn" type="PackedScene" id=13]
[ext_resource path="res://Objects/Soldier.tscn" type="PackedScene" id=14]
[ext_resource path="res://Art/Models/Tree.obj" type="ArrayMesh" id=15]
[ext_resource path="res://Art/Models/SmallHouse.tscn" type="PackedScene" id=16]
[ext_resource path="res://Objects/Prisoners.tscn" type="PackedScene" id=17]

[sub_resource type="PlaneMesh" id=1]
size = Vector2( 100, 100 )

[sub_resource type="SpatialMaterial" id=2]
albedo_color = Color( 0.976471, 0.87451, 0.87451, 1 )

[sub_resource type="Animation" id=3]
resource_name = "startBurning"
length = 5.0
tracks/0/type = "value"
tracks/0/path = NodePath("Tent:mesh")
tracks/0/interp = 1
tracks/0/loop_wrap = true
tracks/0/imported = false
tracks/0/enabled = true
tracks/0/keys = {
"times": PoolRealArray( 0, 0.5 ),
"transitions": PoolRealArray( 1, 1 ),
"update": 1,
"values": [ ExtResource( 3 ), ExtResource( 1 ) ]
}
tracks/1/type = "value"
tracks/1/path = NodePath("FireParticles:emitting")
tracks/1/interp = 1
tracks/1/loop_wrap = true
tracks/1/imported = false
tracks/1/enabled = true
tracks/1/keys = {
"times": PoolRealArray( 0, 0.5, 5 ),
"transitions": PoolRealArray( 1, 1, 1 ),
"update": 1,
"values": [ false, true, false ]
}
tracks/2/type = "value"
tracks/2/path = NodePath("SmokeParticles:emitting")
tracks/2/interp = 1
tracks/2/loop_wrap = true
tracks/2/imported = false
tracks/2/enabled = true
tracks/2/keys = {
"times": PoolRealArray( 0, 0.5, 5 ),
"transitions": PoolRealArray( 1, 1, 1 ),
"update": 1,
"values": [ false, true, false ]
}
tracks/3/type = "value"
tracks/3/path = NodePath("AudioStreamPlayer3D:playing")
tracks/3/interp = 1
tracks/3/loop_wrap = true
tracks/3/imported = false
tracks/3/enabled = true
tracks/3/keys = {
"times": PoolRealArray( 0 ),
"transitions": PoolRealArray( 1 ),
"update": 1,
"values": [ false ]
}
tracks/4/type = "value"
tracks/4/path = NodePath("Tent:material/0")
tracks/4/interp = 1
tracks/4/loop_wrap = true
tracks/4/imported = false
tracks/4/enabled = true
tracks/4/keys = {
"times": PoolRealArray( 0, 0.5 ),
"transitions": PoolRealArray( 1, 1 ),
"update": 1,
"values": [ SubResource( 2 ), ExtResource( 4 ) ]
}

[sub_resource type="CubeMesh" id=4]
size = Vector3( 5, 2, 3 )

[sub_resource type="CubeMesh" id=5]
size = Vector3( 6, 0.2, 3 )

[sub_resource type="SpatialMaterial" id=7]
albedo_color = Color( 0.27451, 0.27451, 0.27451, 1 )
metallic = 1.0
metallic_specular = 0.0
roughness = 0.3

[sub_resource type="Environment" id=6]
background_mode = 1
background_color = Color( 1, 1, 1, 1 )
background_energy = 0.1
ambient_light_color = Color( 0.466667, 0.443137, 0.443137, 1 )
ambient_light_energy = 0.2
fog_enabled = true
auto_exposure_enabled = true
auto_exposure_scale = 0.3
auto_exposure_max_luma = 9.0
ss_reflections_enabled = true
dof_blur_far_enabled = true
dof_blur_far_distance = 50.0
dof_blur_far_transition = 10.0
dof_blur_far_quality = 2
glow_enabled = true
glow_intensity = 5.0
glow_strength = 1.3
glow_hdr_threshold = 0.83
glow_bicubic_upscale = true
adjustment_enabled = true
adjustment_contrast = 1.2
adjustment_saturation = 1.2

[node name="Spatial" type="Spatial"]

[node name="MeshInstance" type="MeshInstance" parent="."]
mesh = SubResource( 1 )
material/0 = null

[node name="MeshInstance3" type="MeshInstance" parent="."]
transform = Transform( -4.37114e-08, 1, -4.37114e-08, 0, -4.37114e-08, -1, -1, -4.37114e-08, 1.91069e-15, -50, 0, 0 )
mesh = SubResource( 1 )
material/0 = null

[node name="MeshInstance2" type="MeshInstance" parent="."]
transform = Transform( 1, 0, 0, 0, -4.37114e-08, 1, 0, -1, -4.37114e-08, 0, 0, 50 )
mesh = SubResource( 1 )
material/0 = null

[node name="Tower" parent="." instance=ExtResource( 2 )]
transform = Transform( 4.06665, 0, -4.41162, 0, 6, 0, 4.41162, 0, 4.06665, 22.1326, -1.10296, 29.0824 )

[node name="Cube" parent="Tower/RootNode" index="0"]
material/0 = ExtResource( 4 )

[node name="Prisoners" parent="." instance=ExtResource( 17 )]
transform = Transform( 0.764962, 0, -0.234164, 0, 0.8, 0, 0.234164, 0, 0.764962, -0.386942, 7.62939e-06, -3.02881 )

[node name="MeshInstance" parent="Prisoners/MeshInstance" index="0"]
material/0 = ExtResource( 9 )

[node name="MeshInstance2" parent="Prisoners/MeshInstance/MeshInstance" index="0"]
material/0 = ExtResource( 9 )

[node name="StaticBody" parent="." instance=ExtResource( 13 )]
transform = Transform( 0.277038, 0, -0.7505, 0, 0.8, 0, 0.7505, 0, 0.277038, -11.6531, 7.62939e-06, -18.1962 )

[node name="StaticBody2" parent="." instance=ExtResource( 13 )]
transform = Transform( 0.651236, 0, -0.464642, 0, 0.8, 0, 0.464642, 0, 0.651236, -16.0629, 3.8147e-06, 0.889401 )

[node name="AnimationPlayer" parent="StaticBody2" index="1"]
anims/startBurning = SubResource( 3 )

[node name="FireParticles" parent="StaticBody2" index="2"]
emitting = true

[node name="SmokeParticles" parent="StaticBody2" index="3"]
emitting = true

[node name="Tent" parent="StaticBody2" index="5"]
mesh = ExtResource( 1 )
material/0 = ExtResource( 4 )

[node name="Mesh2" type="MeshInstance" parent="."]
transform = Transform( 0.425746, -0.436979, 0.792332, 0.716253, 0.697841, -3.78391e-07, -0.552921, 0.567511, 0.61009, 12.0914, 0.111024, -19.2255 )
mesh = SubResource( 4 )
material/0 = null

[node name="Mesh3" type="MeshInstance" parent="Mesh2"]
transform = Transform( 0.999999, -1.49012e-07, -5.96046e-08, -2.98023e-08, 1, -2.98023e-08, 5.96046e-08, 0, 1, -0.128734, -1.10955, -9.53674e-07 )
mesh = SubResource( 5 )
material/0 = null

[node name="Mesh" type="MeshInstance" parent="Mesh2"]
transform = Transform( 1, -1.19209e-07, 0, -2.98023e-08, 0.971173, -0.238381, 0, 0.238381, 0.971171, 2.613, -0.157057, 0.0277128 )
mesh = ExtResource( 6 )
material/0 = ExtResource( 4 )
material/1 = ExtResource( 5 )
material/2 = ExtResource( 5 )
material/3 = ExtResource( 5 )
material/4 = ExtResource( 5 )
material/5 = ExtResource( 5 )

[node name="Sword" type="MeshInstance" parent="Mesh2"]
transform = Transform( 0.996949, -0.0106134, -0.0618688, -0.0780171, -0.168655, -0.786066, -0.00261468, 0.985618, -0.135174, 2.57451, -0.478985, -1.40768 )
mesh = ExtResource( 7 )
material/0 = SubResource( 7 )

[node name="SpotLight" type="SpotLight" parent="Mesh2"]
transform = Transform( 0.0164752, 0.068894, 0.997488, 1.78814e-07, 0.997623, -0.0689034, -0.999865, 0.00113541, 0.0164359, 9.86557, 0.317146, 0.0595264 )
light_energy = 3.0
spot_range = 10.0

[node name="Enemy" parent="." instance=ExtResource( 10 )]
transform = Transform( 0.780073, 0, -0.177443, 0, 0.8, 0, 0.177443, 0, 0.780073, 15.1977, 7.62939e-06, -18.3767 )

[node name="Gun" parent="Enemy" index="0"]
transform = Transform( 1, -2.98023e-08, 0, 0, -4.37114e-08, -1, 2.98023e-08, 1, -4.37114e-08, -0.102209, 2.38346, -0.422617 )

[node name="Mesh" parent="Enemy/Gun" index="0"]
transform = Transform( 0.801473, -0.598031, 8.88178e-16, 0.598031, 0.801473, 0, 3.55271e-15, 5.32907e-15, 1, 1.16257, 1.90735e-06, -0.0891216 )

[node name="AimVolume" parent="Enemy/Gun" index="2"]
radius = 4.5

[node name="Soldier" parent="." instance=ExtResource( 14 )]
transform = Transform( 0.588764, 0, -0.541624, 0, 0.8, 0, 0.541624, 0, 0.588764, 10.143, 9.53674e-07, -21.8305 )

[node name="Gun" parent="Soldier" index="0"]
transform = Transform( 0.960619, 0.277871, -1.21461e-08, 0, -4.37114e-08, -1, -0.277871, 0.960619, -4.199e-08, 0.968387, 2.24359, -0.82921 )

[node name="Spatial" type="Spatial" parent="."]
transform = Transform( 0.5, 0, 0, 0, 0.5, 0, 0, 0, 0.5, 14.2121, 0, 0 )

[node name="House" parent="Spatial" instance=ExtResource( 12 )]
transform = Transform( -0.922457, 0, 0.386099, 0, 1, 0, -0.386099, 0, -0.922457, -22.8246, 0, 64.6643 )

[node name="House2" parent="Spatial" instance=ExtResource( 11 )]
transform = Transform( -0.819862, 0, 0.572561, 0, 1, 0, -0.572561, 0, -0.819862, -69.157, 0, 44.2932 )

[node name="House3" parent="Spatial" instance=ExtResource( 16 )]
transform = Transform( -0.686948, 0, 0.726707, 0, 1, 0, -0.726707, 0, -0.686948, -104.382, 0, 10.7905 )

[node name="Camera" type="Camera" parent="."]
transform = Transform( -0.790567, -0.0837293, 0.606624, 0.00255859, 0.990148, 0.14, -0.61237, 0.112231, -0.782565, 17.1284, 6.44165, -26.5886 )
size = 28.9164
far = 8192.0

[node name="DirectionalLight" type="DirectionalLight" parent="Camera"]
transform = Transform( 0.956384, 0.110047, -0.270591, -0.0445934, 0.970469, 0.23707, 0.288689, -0.214663, 0.933048, 0, 0, 0 )
light_color = Color( 0.945098, 0.933333, 0.843137, 1 )
light_energy = 0.5
shadow_enabled = true
shadow_color = Color( 0.384314, 0.384314, 0.384314, 1 )

[node name="DirectionalLight2" type="DirectionalLight" parent="Camera"]
transform = Transform( 0.963248, -0.0211527, 0.267779, -0.0445948, 0.970467, 0.237075, -0.264886, -0.240304, 0.933857, 0, 0, 0 )
light_color = Color( 0.945098, 0.933333, 0.843137, 1 )
light_energy = 0.5
shadow_color = Color( 0.384314, 0.384314, 0.384314, 1 )

[node name="WorldEnvironment" type="WorldEnvironment" parent="."]
environment = SubResource( 6 )

[node name="Tree" type="MeshInstance" parent="."]
transform = Transform( 0.3, 0, 0, 0, 0.3, 0, 0, 0, 0.3, -2.18391, 0, 14.5171 )
mesh = ExtResource( 15 )
material/0 = ExtResource( 4 )
material/1 = ExtResource( 8 )

[editable path="Tower"]
[editable path="Prisoners"]
[editable path="StaticBody2"]
[editable path="Enemy"]
[editable path="Enemy/Gun"]
[editable path="Enemy/DutchVisual"]
[editable path="Soldier"]
[editable path="Soldier/BelgVisual"]
